PM5 MEMORY=300 1scf pl relscf=0.1 gradients CHARGE=-1 MOZYME 
 crambin geometry optimized using PM5
 
 N  0.000000  0   0.000000  0    0.000000  0     0     0     0 
 C  1.514051  1   0.000000  0    0.000000  0                   
 C  1.974677  1   1.484235  1    0.000000  0                   
 O  1.228135  1 118.991061  1  -33.433583  1     3     2     1 
 C  1.573475  1 109.743063  1 -120.374331  1     2     1     3 
 O  1.398546  1 106.095447  1  -57.772151  1     5     2     1 
 C  1.529506  1 109.699128  1 -175.973277  1     5     2     1 
 N  3.081413  1   1.775392  1    0.750112  1                   
 C  3.707869  1   3.108301  1    0.659251  1                   
 C  4.760683  1   3.071963  1   -0.484468  1                   
 O  1.230677  1 120.842854  1  -51.648184  1    10     9     8 
 C  1.569860  1 111.104641  1  153.333215  1     9     8     3 
 O  1.394351  1 110.426250  1   47.429957  1    12     9     8 
 C  1.527336  1 110.020380  1  -80.067110  1    12     9     8 
 N  4.655310  1   4.085690  1   -1.392202  1                   
 C  5.612463  1   4.330649  1   -2.487394  1                   
 C  6.199485  1   5.743869  1   -2.164680  1                   
 O  1.234630  1 120.339677  1  -74.628973  1    17    16    15 
 C  1.525707  1 110.880116  1  126.372288  1    16    15    10 
 S  1.795084  1 114.309141  1  -64.546719  1    19    16    15 
 N  7.398347  1   5.755655  1   -1.503259  1                   
 C  8.000128  1   7.002991  1   -1.002692  1                   
 C  9.107456  1   7.481665  1   -1.979347  1                   
 O  1.226983  1 121.528710  1  -23.979651  1    23    22    21 
 C  1.529173  1 109.219701  1  141.245305  1    22    21    17 
 S  1.797867  1 112.768582  1  -56.611034  1    25    22    21 
 N  9.510765  1   8.808348  1   -1.898441  1                   
 C 10.448572  1   9.361271  1   -2.914635  1                   
 C 11.912106  1   9.156450  1   -2.450410  1                   
 O  1.223704  1 122.165418  1  118.536208  1    29    28    27 
 C  1.539451  1 106.054609  1  148.339567  1    28    27    23 
 C  1.529197  1 106.903035  1   13.471381  1    31    28    27 
 C  1.491719  1 123.009269  1  -22.294336  1    27    23    22 
 N 12.302709  1   9.902307  1   -1.340651  1                   
 C 13.696135  1   9.952464  1   -0.892053  1                   
 C 13.955143  1   9.004553  1    0.301852  1                   
 O  1.229785  1 123.041831  1  -21.256192  1    36    35    34 
 C  1.559590  1 109.245531  1  140.191376  1    35    34    29 
 O  1.389116  1 113.001616  1   76.814837  1    38    35    34 
 N 15.295528  1   8.788627  1    0.592189  1                   
 C 15.683306  1   7.798752  1    1.621375  1                   
 C 15.134839  1   8.240532  1    2.999182  1                   
 O  1.234703  1 121.586340  1  141.679340  1    42    41    40 
 C  1.557600  1 110.602006  1  175.943027  1    41    40    36 
 C  1.538520  1 110.076667  1  -75.451904  1    44    41    40 
 C  1.525908  1 109.826214  1  163.012844  1    44    41    40 
 C  1.516042  1 112.040069  1  162.399405  1    45    44    41 
 N 15.237569  1   9.572259  1    3.324221  1                   
 C 14.763980  1  10.079636  1    4.623318  1                   
 C 13.319895  1   9.595980  1    4.902572  1                   
 O  1.232953  1 121.792490  1  125.008929  1    50    49    48 
 C  1.552565  1 111.613630  1 -173.835627  1    49    48    42 
 C  1.526014  1 109.347064  1  171.278432  1    52    49    48 
 C  1.525846  1 110.138199  1  -67.375732  1    52    49    48 
 N 12.378302  1   9.868815  1    3.947230  1                   
 C 10.946010  1   9.609876  1    4.165328  1                   
 C 10.666301  1   8.148303  1    4.590864  1                   
 O  1.234979  1 120.629583  1  143.087321  1    57    56    55 
 C  1.526920  1 110.644076  1 -175.857794  1    56    55    50 
 N 11.358484  1   7.137358  1    3.974661  1                   
 C 11.112766  1   5.726531  1    4.321007  1                   
 C 11.345433  1   5.472769  1    5.833707  1                   
 O  1.238575  1 121.996696  1  133.455992  1    62    61    60 
 C  1.541461  1 110.395599  1  179.194611  1    61    60    57 
 C  1.524609  1 112.971814  1 -177.710825  1    64    61    60 
 C  1.532573  1 114.407329  1   70.942486  1    65    64    61 
 N  1.473379  1 110.138047  1   87.838218  1    66    65    64 
 C  1.341289  1 121.402641  1  175.612036  1    67    66    65 
 N  1.395965  1 122.836662  1    3.126556  1    68    67    66 
 N  1.402074  1 120.043893  1 -163.157284  1    68    67    66 
 N 12.522672  1   5.923135  1    6.371363  1                   
 C 12.854357  1   5.710381  1    7.786261  1                   
 C 11.717181  1   6.194480  1    8.721449  1                   
 O  1.237460  1 121.581315  1  120.647405  1    73    72    71 
 C  1.559687  1 111.474347  1 -174.941598  1    72    71    62 
 O  1.387749  1 111.557081  1  -69.839871  1    75    72    71 
 N 11.369647  1   7.511028  1    8.630643  1                   
 C 10.443418  1   8.142928  1    9.582126  1                   
 C  9.018316  1   7.546274  1    9.497882  1                   
 O  1.239197  1 120.853005  1  148.954001  1    79    78    77 
 C  1.537957  1 110.254935  1  174.661365  1    78    77    73 
 C  1.532900  1 110.778018  1  -63.472656  1    81    78    77 
 O  1.246745  1 121.043076  1  -19.100521  1    82    81    78 
 N  1.347946  1 114.990739  1  163.732764  1    82    81    78 
 N  8.557681  1   7.115542  1    8.284543  1                   
 C  7.199825  1   6.576667  1    8.132866  1                   
 C  6.948485  1   5.399611  1    9.106872  1                   
 O  1.235903  1 121.842683  1  139.641959  1    87    86    85 
 C  1.543147  1 111.100937  1 -177.369219  1    86    85    79 
 C  1.498378  1 109.162942  1 -170.720015  1    89    86    85 
 C  1.393950  1 119.861512  1   88.071334  1    90    89    86 
 C  1.392756  1 120.565667  1  -92.412591  1    90    89    86 
 C  1.386603  1 120.106573  1  179.393181  1    91    90    89 
 C  1.386827  1 119.965347  1 -179.396355  1    92    90    89 
 C  1.387575  1 120.399329  1   -0.209678  1    94    92    90 
 N  7.960885  1   4.490863  1    9.272032  1                   
 C  7.803140  1   3.302553  1   10.121258  1                   
 C  7.498220  1   3.670342  1   11.598273  1                   
 O  1.236083  1 120.611053  1  139.763868  1    98    97    96 
 C  1.537376  1 110.569781  1  177.653020  1    97    96    87 
 C  1.529549  1 109.191837  1  -64.605582  1   100    97    96 
 O  1.232469  1 122.056766  1  -60.252031  1   101   100    97 
 N  1.370564  1 116.203243  1  123.685831  1   101   100    97 
 N  8.207978  1   4.690133  1   12.172657  1                   
 C  7.921301  1   5.135651  1   13.547326  1                   
 C  6.432117  1   5.545773  1   13.706690  1                   
 O  1.231582  1 122.324295  1  135.090506  1   106   105   104 
 C  1.553591  1 111.207014  1 -179.260456  1   105   104    98 
 C  1.526270  1 109.358122  1  171.792554  1   108   105   104 
 C  1.525436  1 110.129450  1  -66.869225  1   108   105   104 
 N  5.908615  1   6.355349  1   12.728474  1                   
 C  4.513564  1   6.825029  1   12.745284  1                   
 C  3.492789  1   5.661800  1   12.876824  1                   
 O  1.233087  1 121.070425  1  144.477608  1   113   112   111 
 C  1.534504  1 108.633324  1 -176.112174  1   112   111   106 
 S  1.798744  1 111.047506  1 -161.156323  1   115   112   111 
 N  3.772600  1   4.487015  1   12.229370  1                   
 C  2.816355  1   3.378080  1   12.151889  1                   
 C  2.663081  1   2.562272  1   13.464608  1                   
 O  1.241286  1 119.041672  1  155.763058  1   119   118   117 
 C  1.544808  1 110.469358  1  164.590418  1   118   117   113 
 C  1.520929  1 112.795137  1  -73.630066  1   121   118   117 
 C  1.530190  1 113.608769  1  -71.490802  1   122   121   118 
 N  1.485138  1 109.552149  1  -73.839720  1   123   122   121 
 C  1.412371  1 118.448173  1  141.724722  1   124   123   122 
 N  1.384288  1 116.564455  1  -67.428170  1   125   124   123 
 N  1.329905  1 119.407413  1  122.441400  1   125   124   123 
 N  3.708487  1   2.498424  1   14.333288  1                   
 C  3.772867  1   1.511536  1   15.422964  1                   
 C  2.457356  1   1.359032  1   16.222056  1                   
 O  1.235611  1 118.856356  1  134.258722  1   130   129   128 
 C  1.541254  1 111.298690  1 -170.166509  1   129   128   119 
 C  1.538813  1 112.449203  1  -80.044000  1   132   129   128 
 C  1.526949  1 109.409243  1  162.696769  1   133   132   129 
 C  1.524746  1 111.202467  1  -75.225167  1   133   132   129 
 N  1.748076  1   2.457651  1   16.653829  1                   
 C  0.586989  1   2.319044  1   17.572684  1                   
 C -0.748058  1   2.321453  1   16.791195  1                   
 O  1.230499  1 123.042567  1 -133.895436  1   138   137   136 
 C  1.542651  1 104.183097  1  142.328094  1   137   136   130 
 C  1.529211  1 105.960016  1   25.223345  1   140   137   136 
 C  1.486231  1 126.143778  1   -8.452768  1   136   130   129 
 N -0.846516  1   1.459839  1   15.719112  1                   
 C -2.075331  1   1.360171  1   14.939271  1                   
 C -2.539604  1   2.662275  1   14.270673  1                   
 O  1.236759  1 120.838736  1 -160.172860  1   145   144   143 
 N -1.609702  1   3.637995  1   13.999844  1                   
 C -2.055162  1   4.983938  1   13.606499  1                   
 C -2.736176  1   4.864750  1   12.225409  1                   
 O  1.237924  1 122.676780  1  -53.921108  1   149   148   147 
 C  1.571041  1 110.675858  1  175.289064  1   148   147   145 
 O  1.400837  1 105.285077  1  -61.921762  1   151   148   147 
 C  1.531981  1 110.095764  1  177.804637  1   151   148   147 
 N -4.001341  1   5.384193  1   12.076182  1                   
 C -4.689691  1   5.361929  1   10.767464  1                   
 C -3.792472  1   6.107783  1    9.753298  1                   
 O  1.227213  1 122.959193  1  -55.340313  1   156   155   154 
 C  1.539867  1 106.241914  1 -177.195690  1   155   154   149 
 C  1.531680  1 106.689509  1   -9.792102  1   158   155   154 
 C  1.481035  1 126.608346  1   -4.100179  1   154   149   148 
 N -3.526062  1   5.443171  1    8.562090  1                   
 C -2.350852  1   5.830415  1    7.751772  1                   
 C -2.434626  1   7.285651  1    7.238041  1                   
 O  1.234322  1 120.332380  1  152.052812  1   163   162   161 
 C  1.545180  1 111.041505  1  175.330387  1   162   161   156 
 C  1.522696  1 110.525877  1  -66.459173  1   165   162   161 
 C  1.536327  1 113.648507  1 -169.065914  1   166   165   162 
 O  1.227980  1 122.856948  1   -2.980027  1   167   166   165 
 O  1.302554  1 116.864071  1  176.964931  1   167   166   165 
 N -3.665967  1   7.835147  1    6.992612  1                   
 C -3.803786  1   9.163650  1    6.369080  1                   
 C -2.947120  1  10.256230  1    7.061834  1                   
 O  1.230072  1 120.664842  1  140.132076  1   172   171   170 
 C  1.526801  1 111.036670  1 -173.130334  1   171   170   163 
 N -2.956440  1  10.299712  1    8.434341  1                   
 C -2.250692  1  11.358248  1    9.173862  1                   
 C -0.736155  1  11.410352  1    8.836941  1                   
 O  1.231832  1 121.485593  1  135.949235  1   177   176   175 
 C  1.538597  1 111.400764  1 -179.361587  1   176   175   172 
 C  1.536755  1 113.083174  1  -71.578155  1   179   176   175 
 C  1.527235  1 109.283273  1  167.281380  1   180   179   176 
 C  1.524350  1 111.447097  1  -70.527355  1   180   179   176 
 N -0.052275  1  10.222148  1    8.827584  1                   
 C  1.405590  1  10.170160  1    8.645062  1                   
 C  1.880325  1  10.767823  1    7.289406  1                   
 O  1.233114  1 119.997221  1  151.255703  1   185   184   183 
 C  1.528322  1 111.031723  1  178.828852  1   184   183   177 
 S  1.796689  1 112.860823  1  -57.785079  1   187   184   183 
 N  1.055910  1  10.652071  1    6.204523  1                   
 C  1.482151  1  11.033418  1    4.847235  1                   
 C  1.724984  1  12.547411  1    4.624097  1                   
 O  1.233608  1 119.149302  1  171.812634  1   191   190   189 
 C  1.530864  1 109.749283  1  170.224900  1   190   189   185 
 N  1.385475  1  13.448264  1    5.599351  1                   
 C  1.432509  1  14.892132  1    5.338624  1                   
 C  2.843370  1  15.394047  1    4.928714  1                   
 O  1.228826  1 119.457819  1  136.060366  1   196   195   194 
 C  1.565903  1 112.439346  1  177.534984  1   195   194   191 
 O  1.388756  1 112.366858  1   57.384826  1   198   195   194 
 C  1.531554  1 110.680740  1  -71.297123  1   198   195   194 
 N  3.906719  1  15.002225  1    5.702450  1                   
 C  5.279495  1  15.472211  1    5.457508  1                   
 C  6.027335  1  14.472056  1    4.535955  1                   
 O  1.225693  1 122.437732  1  122.682933  1   203   202   201 
 C  1.550922  1 111.637024  1  142.621659  1   202   201   196 
 C  1.491434  1 113.161185  1  119.711149  1   205   202   201 
 C  1.399177  1 120.158027  1   65.359705  1   206   205   202 
 C  1.393513  1 121.249592  1 -115.139262  1   206   205   202 
 C  1.373320  1 121.036774  1 -176.022283  1   207   206   205 
 C  1.378124  1 121.063149  1  177.023823  1   208   206   205 
 C  1.418137  1 121.029757  1   -0.487576  1   210   208   206 
 O  1.294667  1 122.466533  1 -174.406916  1   211   210   208 
 N  6.002449  1  13.134843  1    4.933388  1                   
 C  6.873958  1  12.156824  1    4.260288  1                   
 C  6.631297  1  12.091914  1    2.736987  1                   
 O  1.236656  1 120.451958  1  157.359256  1   215   214   213 
 C  1.569063  1 110.556884  1 -177.452360  1   214   213   203 
 O  1.396100  1 111.743962  1   55.751466  1   217   214   213 
 C  1.528853  1 111.220609  1  -71.846688  1   217   214   213 
 N  5.382072  1  12.399381  1    2.260006  1                   
 C  5.083095  1  12.355627  1    0.832150  1                   
 C  4.969650  1  10.922304  1    0.288434  1                   
 O  1.233383  1 121.674754  1 -158.327521  1   222   221   220 
 N  4.622877  1   9.930781  1    1.181032  1                   
 C  4.544278  1   8.517214  1    0.805036  1                   
 C  3.061791  1   8.261525  1    0.406885  1                   
 O  1.233995  1 122.672984  1  -86.379771  1   226   225   224 
 C  1.528433  1 111.645159  1  149.010643  1   225   224   222 
 S  1.795478  1 112.707493  1  -68.405661  1   228   225   224 
 N  2.760430  1   8.465196  1   -0.915264  1                   
 C  1.381115  1   8.315377  1   -1.389161  1                   
 C  0.848118  1   6.933421  1   -0.925981  1                   
 O  1.229633  1 123.383260  1  -30.538199  1   232   231   230 
 C  1.550275  1 112.986401  1 -175.603674  1   231   230   226 
 C  1.532340  1 113.081119  1   63.899777  1   234   231   230 
 C  1.524774  1 110.169210  1  -61.785394  1   234   231   230 
 C  1.517221  1 111.978493  1  175.654819  1   235   234   231 
 N -0.520153  1   6.869902  1   -0.737051  1                   
 C -1.189398  1   5.722234  1   -0.111683  1                   
 C -2.076266  1   5.107224  1   -1.230808  1                   
 O  1.228394  1 123.915914  1  -94.610051  1   240   239   238 
 C  1.555191  1 112.483822  1  125.272255  1   239   238   232 
 C  1.537717  1 110.182095  1  -57.523781  1   242   239   238 
 C  1.526305  1 109.049621  1 -178.695319  1   242   239   238 
 C  1.515962  1 111.748897  1  176.879948  1   243   242   239 
 N -1.402037  1   4.270837  1   -2.101745  1                   
 C -2.098588  1   3.465180  1   -3.101993  1                   
 C -2.414745  1   2.084953  1   -2.473044  1                   
 O  1.233679  1 123.290295  1  -20.355389  1   248   247   246 
 C  1.553925  1 111.879172  1  146.386669  1   247   246   240 
 C  1.532287  1 113.577543  1   55.553888  1   250   247   246 
 C  1.525504  1 109.231180  1  -69.130061  1   250   247   246 
 C  1.516481  1 111.505866  1  160.084306  1   251   250   247 
 N -3.391202  1   1.297620  1   -3.068343  1                   
 C -3.816675  1   0.025617  1   -2.435052  1                   
 C -2.760550  1  -1.059055  1   -2.762731  1                   
 O  1.229899  1 122.445404  1  109.758903  1   256   255   254 
 C  1.539381  1 106.137915  1  157.539376  1   255   254   248 
 C  1.530973  1 106.824884  1   10.828342  1   258   255   254 
 C  1.484316  1 124.340152  1  -17.796425  1   254   248   247 
 N -2.812892  1  -1.573560  1   -4.050773  1                   
 C -1.904786  1  -2.641660  1   -4.466361  1                   
 C -0.431533  1  -2.222605  1   -4.358683  1                   
 O  1.232153  1 122.686389  1   -1.825115  1   263   262   261 
 N  0.480225  1  -3.219187  1   -4.629129  1                   
 C  1.930489  1  -2.971187  1   -4.740107  1                   
 C  2.222685  1  -2.690041  1   -6.242283  1                   
 O  1.227095  1 121.622345  1  -81.501666  1   267   266   265 
 C  1.526788  1 110.313729  1  148.738505  1   266   265   263 
 N  2.387602  1  -1.359238  1   -6.564732  1                   
 C  2.492739  1  -0.931011  1   -7.970219  1                   
 C  3.100634  1   0.496003  1   -7.959146  1                   
 O  1.229684  1 122.445996  1 -109.814585  1   272   271   270 
 C  1.573898  1 111.188342  1   76.827838  1   271   270   267 
 O  1.395423  1 110.239125  1  -42.725757  1   274   271   270 
 C  1.530045  1 109.278456  1 -167.584811  1   274   271   270 
 N  4.406101  1   0.559115  1   -7.549068  1                   
 C  5.153407  1   1.826624  1   -7.485716  1                   
 C  5.951052  1   1.959880  1   -8.813251  1                   
 O  1.228286  1 120.266889  1  -54.939031  1   279   278   277 
 C  1.529964  1 111.637301  1  148.427430  1   278   277   272 
 S  1.789125  1 115.056751  1  -56.398044  1   281   278   277 
 N  5.732766  1   3.062639  1   -9.614426  1                   
 C  6.786875  1   3.485623  1  -10.573396  1                   
 C  8.149031  1   3.565157  1   -9.836744  1                   
 O  1.230845  1 122.510364  1   -6.177793  1   285   284   283 
 C  1.540190  1 105.597166  1 -170.745190  1   284   283   279 
 C  1.532875  1 106.797308  1   -3.182794  1   287   284   283 
 C  1.482353  1 125.538459  1    1.099438  1   283   279   278 
 N  9.245915  1   3.711319  1  -10.659829  1                   
 C 10.610048  1   3.703057  1  -10.122648  1                   
 C 11.011662  1   4.912879  1   -9.258720  1                   
 O  1.242511  1 119.342084  1  145.366469  1   292   291   290 
 N 10.527586  1   6.114368  1   -9.652145  1                   
 C 10.891441  1   7.345281  1   -8.948166  1                   
 C 10.292394  1   7.460878  1   -7.520740  1                   
 O  1.232866  1 120.643653  1  165.789158  1   296   295   294 
 C  1.546207  1 110.108019  1  167.206782  1   295   294   292 
 C  1.538387  1 116.047601  1   26.174473  1   298   295   294 
 O  1.293590  1 117.764375  1  -23.804879  1   299   298   295 
 O  1.236381  1 120.505849  1  158.502436  1   299   298   295 
 N  9.318153  1   6.556488  1   -7.146704  1                   
 C  8.640053  1   6.601186  1   -5.848090  1                   
 C  8.840649  1   5.266640  1   -5.077620  1                   
 O  1.240468  1 120.558111  1 -152.438848  1   304   303   302 
 C  1.548697  1 110.976656  1  117.034281  1   303   302   296 
 C  1.495420  1 110.581913  1  -47.275610  1   306   303   302 
 C  1.392406  1 119.950292  1   96.904059  1   307   306   303 
 C  1.391969  1 120.803266  1  -81.310528  1   307   306   303 
 C  1.381563  1 121.066890  1 -176.680151  1   308   307   306 
 C  1.383403  1 120.845828  1  176.242758  1   309   307   306 
 C  1.401848  1 119.400879  1    0.258776  1   311   309   307 
 O  1.352954  1 117.645302  1  179.507132  1   312   311   309 
 N  9.987931  1   4.556281  1   -5.306979  1                   
 C 10.198965  1   3.189674  1   -4.807260  1                   
 C 11.070377  1   3.126482  1   -3.527620  1                   
 O  1.232375  1 119.846047  1  172.431951  1   316   315   314 
 C  1.532497  1 109.986480  1  138.332854  1   315   314   304 
 N 11.789760  1   4.257190  1   -3.156080  1                   
 C 12.526038  1   4.238035  1   -1.877570  1                   
 C 11.595756  1   3.714615  1   -0.740367  1                   
 O  1.239854  1 121.417455  1  -22.043088  1   321   320   319 
 C  1.531506  1 112.352930  1 -166.924287  1   320   319   316 
 C  1.519140  1 117.871324  1  -71.970396  1   323   320   319 
 O  1.243922  1 119.828169  1 -154.583533  1   324   323   320 
 N  1.364646  1 120.422007  1   22.483506  1   324   323   320 
 O  1.289689  1 115.290054  1  158.476211  1   321   320   319 
 H  1.019124  1 112.017317  1  -44.072006  1     1     2     3 
 H  1.023693  1 110.142247  1   75.873794  1     1     2     3 
 H  1.016094  1 110.667232  1 -165.183362  1     1     2     3 
 H  1.127233  1 107.947450  1  120.406547  1     2     1     3 
 H  1.126507  1 108.883427  1   65.005577  1     5     2     1 
 H  0.952951  1 112.028505  1  114.086022  1     6     5     2 
 H  1.103488  1 113.099200  1   51.259196  1     7     5     2 
 H  1.105794  1 110.058701  1  170.473418  1     7     5     2 
 H  1.104917  1 110.573475  1  -71.897686  1     7     5     2 
 H  1.012533  1 118.834593  1   19.275126  1     8     3     2 
 H  1.126380  1 110.018122  1   34.617672  1     9     8     3 
 H  1.128878  1 106.385362  1  161.629627  1    12     9     8 
 H  0.954676  1 112.577038  1 -113.725604  1    13    12     9 
 H  1.105220  1 110.578726  1  -57.835250  1    14    12     9 
 H  1.103500  1 112.813750  1   62.552068  1    14    12     9 
 H  1.106497  1 110.559217  1 -176.085560  1    14    12     9 
 H  1.013362  1 119.955189  1   -6.828633  1    15    10     9 
 H  1.123446  1 111.827776  1    4.185725  1    16    15    10 
 H  1.113841  1 113.602193  1   51.066231  1    19    16    15 
 H  1.109055  1 109.822943  1  171.172308  1    19    16    15 
 H  1.015562  1 119.698311  1   25.694220  1    21    17    16 
 H  1.122934  1 109.882878  1   21.198067  1    22    21    17 
 H  1.113410  1 112.834976  1   59.183139  1    25    22    21 
 H  1.109369  1 110.475298  1 -179.856689  1    25    22    21 
 H  1.126694  1 112.247450  1   28.724326  1    28    27    23 
 H  1.107092  1 112.595813  1  136.948499  1    31    28    27 
 H  1.110648  1 108.689563  1 -106.081124  1    31    28    27 
 H  1.108409  1 111.490289  1  104.597312  1    32    31    28 
 H  1.108906  1 111.336769  1 -137.135452  1    32    31    28 
 H  1.114244  1 109.036644  1   81.798503  1    33    27    23 
 H  1.115162  1 111.408415  1  -37.487323  1    33    27    23 
 H  1.008775  1 117.627965  1   32.402680  1    34    29    28 
 H  1.125844  1 109.493650  1   22.876184  1    35    34    29 
 H  1.119084  1 108.416807  1 -166.767522  1    38    35    34 
 H  1.119037  1 109.263304  1  -50.286513  1    38    35    34 
 H  0.954351  1 111.956585  1  -81.855932  1    39    38    35 
 H  1.011771  1 117.166975  1  -27.757910  1    40    36    35 
 H  1.126386  1 110.448175  1   54.741740  1    41    40    36 
 H  1.117488  1 109.261401  1   44.617138  1    44    41    40 
 H  1.111162  1 109.596792  1  -75.421990  1    45    44    41 
 H  1.109922  1 111.487842  1   40.689968  1    45    44    41 
 H  1.103516  1 110.572182  1  169.225536  1    46    44    41 
 H  1.103479  1 112.022259  1   49.603725  1    46    44    41 
 H  1.102985  1 111.932429  1  -72.182721  1    46    44    41 
 H  1.103157  1 111.731852  1  -59.552281  1    47    45    44 
 H  1.102598  1 112.278948  1   61.408000  1    47    45    44 
 H  1.103694  1 110.058111  1 -178.987093  1    47    45    44 
 H  1.007569  1 120.677934  1   13.838898  1    48    42    41 
 H  1.126471  1 107.884482  1   66.355685  1    49    48    42 
 H  1.117880  1 109.987745  1   52.300130  1    52    49    48 
 H  1.103372  1 111.912394  1   51.176167  1    53    52    49 
 H  1.103881  1 110.237055  1  170.979419  1    53    52    49 
 H  1.104646  1 112.211360  1  -70.319150  1    53    52    49 
 H  1.102033  1 112.601186  1   60.979749  1    54    52    49 
 H  1.103923  1 110.028493  1 -179.691515  1    54    52    49 
 H  1.103406  1 111.665277  1  -60.439981  1    54    52    49 
 H  1.006623  1 121.045602  1    2.071556  1    55    50    49 
 H  1.130959  1 108.197976  1   63.740535  1    56    55    50 
 H  1.104076  1 112.958306  1   53.943788  1    59    56    55 
 H  1.105702  1 109.708171  1  174.004982  1    59    56    55 
 H  1.105186  1 110.942078  1  -68.366098  1    59    56    55 
 H  1.009890  1 121.215064  1    6.317746  1    60    57    56 
 H  1.126358  1 108.153723  1   59.117840  1    61    60    57 
 H  1.112655  1 108.814092  1  -55.759004  1    64    61    60 
 H  1.112688  1 110.538390  1   60.492736  1    64    61    60 
 H  1.113332  1 107.728039  1 -164.991049  1    65    64    61 
 H  1.110637  1 110.743260  1  -50.649639  1    65    64    61 
 H  1.117532  1 108.434194  1 -151.612673  1    66    65    64 
 H  1.116665  1 110.160971  1  -35.249433  1    66    65    64 
 H  1.234662  1 118.724983  1  -20.457086  1    67    66    65 
 H  1.005470  1 115.949573  1   39.457556  1    69    68    67 
 H  1.006553  1 116.743082  1  172.403287  1    69    68    67 
 H  1.010473  1 115.949586  1   -5.357561  1    70    68    67 
 H  1.009161  1 114.655495  1 -133.332758  1    70    68    67 
 H  1.010089  1 120.297873  1   11.535929  1    71    62    61 
 H  1.126730  1 107.902821  1   65.637619  1    72    71    62 
 H  1.119331  1 111.483804  1   57.346530  1    75    72    71 
 H  1.120359  1 107.659460  1  174.925531  1    75    72    71 
 H  0.954703  1 111.965818  1   79.327449  1    76    75    72 
 H  1.011903  1 120.765398  1   -2.577156  1    77    73    72 
 H  1.127926  1 109.272520  1   53.529378  1    78    77    73 
 H  1.113929  1 111.365655  1   61.077340  1    81    78    77 
 H  1.113671  1 108.363003  1  178.094121  1    81    78    77 
 H  1.001860  1 118.072107  1 -179.514245  1    84    82    81 
 H  1.102653  1 123.415188  1  -18.747851  1    84    82    81 
 H  1.010034  1 121.609072  1    4.867476  1    85    79    78 
 H  1.126511  1 108.720312  1   62.466879  1    86    85    79 
 H  1.114472  1 110.031517  1  -50.334821  1    89    86    85 
 H  1.111725  1 111.474572  1   66.533676  1    89    86    85 
 H  1.097716  1 120.179249  1    0.415467  1    91    90    89 
 H  1.096550  1 120.382065  1    0.549066  1    92    90    89 
 H  1.095650  1 119.790023  1 -178.825078  1    93    91    90 
 H  1.094910  1 119.556431  1  179.026113  1    94    92    90 
 H  1.095215  1 120.335789  1  179.326262  1    95    94    92 
 H  1.011734  1 120.629888  1    1.240917  1    96    87    86 
 H  1.128359  1 108.924082  1   57.202090  1    97    96    87 
 H  1.112988  1 111.618434  1   61.263433  1   100    97    96 
 H  1.115028  1 108.392245  1  177.918572  1   100    97    96 
 H  1.002585  1 119.458298  1 -170.284471  1   103   101   100 
 H  1.002074  1 120.427398  1  -19.057548  1   103   101   100 
 H  1.011068  1 121.121425  1    5.717417  1   104    98    97 
 H  1.126763  1 108.329627  1   60.534888  1   105   104    98 
 H  1.118727  1 109.962964  1   52.934250  1   108   105   104 
 H  1.103139  1 112.116731  1   49.854219  1   109   108   105 
 H  1.103961  1 110.182165  1  169.794858  1   109   108   105 
 H  1.102884  1 111.785879  1  -71.562536  1   109   108   105 
 H  1.102522  1 112.481467  1   61.702941  1   110   108   105 
 H  1.104245  1 110.011239  1 -179.450893  1   110   108   105 
 H  1.103150  1 111.817966  1  -59.935274  1   110   108   105 
 H  1.010334  1 120.633950  1    2.450361  1   111   106   105 
 H  1.126696  1 108.722605  1   64.289453  1   112   111   106 
 H  1.113550  1 111.065009  1  -45.768322  1   115   112   111 
 H  1.110257  1 112.528603  1   74.772581  1   115   112   111 
 H  1.009958  1 120.761591  1    0.580218  1   117   113   112 
 H  1.125173  1 108.736616  1   43.169470  1   118   117   113 
 H  1.113852  1 110.690172  1   48.755354  1   121   118   117 
 H  1.112168  1 109.194340  1  163.935544  1   121   118   117 
 H  1.113287  1 111.580972  1   49.864044  1   122   121   118 
 H  1.112673  1 107.917770  1  165.223140  1   122   121   118 
 H  1.114696  1 110.822271  1   49.987957  1   123   122   121 
 H  1.119383  1 108.543600  1  165.651118  1   123   122   121 
 H  1.015961  1 111.621127  1  -83.242061  1   124   123   122 
 H  1.008053  1 118.667620  1   10.522973  1   126   125   124 
 H  1.004498  1 117.591317  1  151.599462  1   126   125   124 
 H  1.283026  1 123.554180  1  -21.754769  1   127   125   124 
 H  1.005938  1 118.290036  1  163.877206  1   127   125   124 
 H  1.011614  1 120.983411  1    4.959062  1   128   119   118 
 H  1.129626  1 106.857807  1   70.558434  1   129   128   119 
 H  1.112212  1 110.935312  1   42.949087  1   132   129   128 
 H  1.111776  1 108.380246  1  158.958752  1   132   129   128 
 H  1.117587  1 109.679916  1   44.613636  1   133   132   129 
 H  1.103578  1 111.074618  1  -61.197202  1   134   133   132 
 H  1.102802  1 111.779232  1   59.359370  1   134   133   132 
 H  1.102963  1 110.591514  1  179.327985  1   134   133   132 
 H  1.103007  1 111.799969  1  -61.900211  1   135   133   132 
 H  1.102579  1 111.722382  1   58.626223  1   135   133   132 
 H  1.103150  1 110.597946  1  178.151196  1   135   133   132 
 H  1.121531  1 112.459460  1   22.616301  1   137   136   130 
 H  1.107268  1 113.273319  1  148.097827  1   140   137   136 
 H  1.109689  1 108.660517  1  -93.943687  1   140   137   136 
 H  1.109052  1 110.659792  1  101.518532  1   141   140   137 
 H  1.107534  1 111.318099  1 -139.839246  1   141   140   137 
 H  1.113649  1 108.692239  1   87.664207  1   142   136   130 
 H  1.111843  1 111.649269  1  -31.731012  1   142   136   130 
 H  1.007904  1 122.277652  1   -9.415310  1   143   138   137 
 H  1.117445  1 109.055885  1 -178.835552  1   144   143   138 
 H  1.121271  1 109.783450  1  -61.157967  1   144   143   138 
 H  1.009795  1 121.548990  1   -5.521834  1   147   145   144 
 H  1.123346  1 108.941387  1   55.524934  1   148   147   145 
 H  1.124847  1 109.571117  1   58.255592  1   151   148   147 
 H  0.955102  1 110.908289  1  175.445756  1   152   151   148 
 H  1.102227  1 111.048946  1  -65.314111  1   153   151   148 
 H  1.103192  1 112.452371  1   56.816346  1   153   151   148 
 H  1.105325  1 110.267361  1  176.523124  1   153   151   148 
 H  1.121311  1 109.072563  1   63.885839  1   155   154   149 
 H  1.108232  1 112.064280  1  111.331303  1   158   155   154 
 H  1.108199  1 109.732402  1 -130.369099  1   158   155   154 
 H  1.108083  1 110.956554  1  133.192336  1   159   158   155 
 H  1.108978  1 110.618811  1 -108.517395  1   159   158   155 
 H  1.114865  1 109.665253  1   64.766641  1   160   154   149 
 H  1.115625  1 109.935076  1  -54.949959  1   160   154   149 
 H  1.010513  1 116.788180  1  -15.282951  1   161   156   155 
 H  1.128856  1 109.248981  1   54.681660  1   162   161   156 
 H  1.110088  1 111.724028  1   56.895216  1   165   162   161 
 H  1.113913  1 107.869854  1  173.325051  1   165   162   161 
 H  1.112418  1 109.428146  1  -47.473247  1   166   165   162 
 H  1.111744  1 110.735120  1   70.434954  1   166   165   162 
 H  1.005297  1 121.408501  1    4.526347  1   170   163   162 
 H  1.128538  1 107.737760  1   67.083259  1   171   170   163 
 H  1.104395  1 111.315873  1  -61.473291  1   174   171   170 
 H  1.103764  1 112.954459  1   60.599123  1   174   171   170 
 H  1.106013  1 109.039600  1 -179.640515  1   174   171   170 
 H  1.007037  1 121.117616  1   13.201615  1   175   172   171 
 H  1.126472  1 107.953415  1   59.433706  1   176   175   172 
 H  1.112506  1 110.703875  1   52.166564  1   179   176   175 
 H  1.113069  1 107.815842  1  167.475870  1   179   176   175 
 H  1.116484  1 109.578471  1   49.303746  1   180   179   176 
 H  1.103126  1 111.675103  1   60.038684  1   181   180   179 
 H  1.102983  1 110.731499  1 -179.986652  1   181   180   179 
 H  1.103444  1 111.238160  1  -60.368804  1   181   180   179 
 H  1.103201  1 111.738143  1  -58.278165  1   182   180   179 
 H  1.102551  1 111.683229  1   62.434158  1   182   180   179 
 H  1.103326  1 110.692322  1 -178.136038  1   182   180   179 
 H  1.008956  1 121.254948  1    0.663283  1   183   177   176 
 H  1.128385  1 108.817335  1   58.175651  1   184   183   177 
 H  1.112967  1 113.108678  1   58.783477  1   187   184   183 
 H  1.110720  1 109.525502  1  178.842053  1   187   184   183 
 H  1.009706  1 121.317387  1    6.517725  1   189   185   184 
 H  1.126575  1 108.370595  1   51.383520  1   190   189   185 
 H  1.104867  1 110.869322  1  -59.739652  1   193   190   189 
 H  1.104411  1 112.525804  1   62.097482  1   193   190   189 
 H  1.105629  1 109.654354  1 -177.556934  1   193   190   189 
 H  1.004729  1 121.080399  1   -5.606337  1   194   191   190 
 H  1.128411  1 108.789836  1   58.379605  1   195   194   191 
 H  1.127790  1 106.229893  1  170.901515  1   198   195   194 
 H  0.955467  1 113.317019  1  -84.769254  1   199   198   195 
 H  1.103072  1 113.404427  1   63.896465  1   200   198   195 
 H  1.104302  1 110.250761  1 -175.739182  1   200   198   195 
 H  1.103531  1 110.212858  1  -57.009982  1   200   198   195 
 H  1.006916  1 120.451176  1    6.136036  1   201   196   195 
 H  1.126878  1 109.466133  1   23.692510  1   202   201   196 
 H  1.111769  1 107.056660  1 -120.037199  1   205   202   201 
 H  1.110995  1 111.469419  1   -5.453270  1   205   202   201 
 H  1.096391  1 119.822873  1    4.109475  1   207   206   205 
 H  1.095838  1 119.954860  1   -3.087028  1   208   206   205 
 H  1.095402  1 119.748973  1  179.060181  1   209   207   206 
 H  1.095247  1 119.435117  1  178.924886  1   210   208   206 
 H  1.013385  1 116.036961  1  -28.170403  1   213   203   202 
 H  1.129327  1 110.537732  1   62.270190  1   214   213   203 
 H  1.127464  1 107.676695  1  169.359080  1   217   214   213 
 H  0.955445  1 112.290738  1  -73.426771  1   218   217   214 
 H  1.105907  1 110.364579  1  -54.090496  1   219   217   214 
 H  1.103667  1 113.722834  1   66.591922  1   219   217   214 
 H  1.104161  1 110.023163  1 -172.710862  1   219   217   214 
 H  1.008818  1 121.901682  1   11.801744  1   220   215   214 
 H  1.119069  1 109.351957  1 -166.301912  1   221   220   215 
 H  1.120676  1 111.418430  1  -47.611773  1   221   220   215 
 H  1.009495  1 121.136387  1   -3.147597  1   224   222   221 
 H  1.123604  1 111.314720  1   27.485926  1   225   224   222 
 H  1.113176  1 113.236189  1   48.573909  1   228   225   224 
 H  1.108574  1 109.721238  1  168.131945  1   228   225   224 
 H  1.011122  1 121.158802  1   11.871338  1   230   226   225 
 H  1.127135  1 106.953658  1   65.497019  1   231   230   226 
 H  1.119438  1 105.387548  1 -178.169310  1   234   231   230 
 H  1.110612  1 110.913439  1  -62.463927  1   235   234   231 
 H  1.110324  1 109.882782  1   54.847539  1   235   234   231 
 H  1.103475  1 112.497336  1   78.431468  1   236   234   231 
 H  1.103557  1 110.080658  1 -162.041754  1   236   234   231 
 H  1.103449  1 111.834141  1  -42.883365  1   236   234   231 
 H  1.103010  1 112.084141  1  -50.221718  1   237   235   234 
 H  1.103216  1 111.835782  1   71.142192  1   237   235   234 
 H  1.103768  1 110.006369  1 -169.911037  1   237   235   234 
 H  1.007472  1 119.430745  1   -9.213187  1   238   232   231 
 H  1.124156  1 111.460774  1    4.518835  1   239   238   232 
 H  1.117079  1 109.766285  1   62.238723  1   242   239   238 
 H  1.111007  1 110.158505  1  -61.035484  1   243   242   239 
 H  1.110222  1 111.081058  1   55.747067  1   243   242   239 
 H  1.103173  1 110.001338  1 -168.707841  1   244   242   239 
 H  1.103991  1 111.919727  1   71.852327  1   244   242   239 
 H  1.101506  1 113.020549  1  -50.077256  1   244   242   239 
 H  1.102816  1 111.896117  1   67.695707  1   245   243   242 
 H  1.104131  1 110.131711  1 -173.123019  1   245   243   242 
 H  1.103260  1 111.745556  1  -53.298585  1   245   243   242 
 H  1.011772  1 119.509989  1    8.072252  1   246   240   239 
 H  1.125000  1 109.306079  1   27.001569  1   247   246   240 
 H  1.118192  1 106.341434  1  174.560660  1   250   247   246 
 H  1.111267  1 110.568791  1  -78.486899  1   251   250   247 
 H  1.109949  1 110.744816  1   38.985906  1   251   250   247 
 H  1.103341  1 111.620806  1  -54.002613  1   252   250   247 
 H  1.103637  1 112.144775  1   67.086189  1   252   250   247 
 H  1.103677  1 110.225012  1 -173.354388  1   252   250   247 
 H  1.103012  1 112.503662  1   57.251618  1   253   251   250 
 H  1.104359  1 109.715869  1  176.059646  1   253   251   250 
 H  1.102928  1 111.727813  1  -64.109559  1   253   251   250 
 H  1.124222  1 111.585770  1   38.511213  1   255   254   248 
 H  1.107205  1 113.091626  1  134.492487  1   258   255   254 
 H  1.110557  1 108.714491  1 -108.252431  1   258   255   254 
 H  1.108655  1 111.195993  1  105.544558  1   259   258   255 
 H  1.108730  1 111.065501  1 -136.386392  1   259   258   255 
 H  1.113694  1 109.385103  1   73.121362  1   260   254   248 
 H  1.115523  1 110.903100  1  -45.865550  1   260   254   248 
 H  1.009802  1 117.108120  1   33.543976  1   261   256   255 
 H  1.119595  1 108.708461  1   61.131747  1   262   261   256 
 H  1.118582  1 108.404865  1  178.497696  1   262   261   256 
 H  1.009328  1 119.678709  1   11.313490  1   265   263   262 
 H  1.123141  1 110.666911  1   29.388712  1   266   265   263 
 H  1.104483  1 113.414071  1   56.951080  1   269   266   265 
 H  1.105647  1 108.972698  1  176.146890  1   269   266   265 
 H  1.104547  1 110.698637  1  -65.053294  1   269   266   265 
 H  1.012713  1 118.504247  1  -20.104041  1   270   267   266 
 H  1.124461  1 109.867477  1  -43.946041  1   271   270   267 
 H  1.124717  1 110.335903  1   71.269164  1   274   271   270 
 H  0.956636  1 112.407881  1  -75.613996  1   275   274   271 
 H  1.103907  1 112.548358  1   58.234205  1   276   274   271 
 H  1.104236  1 110.406607  1  178.700171  1   276   274   271 
 H  1.103608  1 110.651545  1  -62.589562  1   276   274   271 
 H  1.008880  1 121.013894  1    8.161486  1   277   272   271 
 H  1.122396  1 109.639790  1   28.722664  1   278   277   272 
 H  1.114270  1 113.567394  1   60.634573  1   281   278   277 
 H  1.112296  1 108.929539  1  179.211758  1   281   278   277 
 H  1.121131  1 108.199032  1   69.184068  1   284   283   279 
 H  1.109547  1 112.323531  1  117.830112  1   287   284   283 
 H  1.108295  1 109.981507  1 -123.854592  1   287   284   283 
 H  1.108595  1 111.428612  1  137.238358  1   288   287   284 
 H  1.108497  1 110.754926  1 -104.169022  1   288   287   284 
 H  1.114946  1 111.625055  1   58.956789  1   289   283   279 
 H  1.113762  1 109.312943  1  -60.987126  1   289   283   279 
 H  1.008405  1 118.303399  1   28.466031  1   290   285   284 
 H  1.119793  1 108.560161  1   53.583100  1   291   290   285 
 H  1.117593  1 108.032164  1  169.677840  1   291   290   285 
 H  1.179243  1 128.993917  1    4.901477  1   294   292   291 
 H  1.126393  1 110.509824  1   48.072697  1   295   294   292 
 H  1.112012  1 110.196859  1  151.514373  1   298   295   294 
 H  1.112755  1 108.113347  1  -93.125041  1   298   295   294 
 H  1.008128  1 119.853401  1  -15.347812  1   302   296   295 
 H  1.122729  1 111.204658  1   -3.692072  1   303   302   296 
 H  1.110656  1 110.791618  1   74.822477  1   306   303   302 
 H  1.111545  1 108.736154  1 -168.486294  1   306   303   302 
 H  1.095433  1 120.032638  1    2.351282  1   308   307   306 
 H  1.095667  1 120.103574  1   -2.637552  1   309   307   306 
 H  1.097070  1 119.724705  1  178.284979  1   310   308   307 
 H  1.095848  1 120.080464  1 -179.058109  1   311   309   307 
 H  0.958098  1 111.135581  1  142.858880  1   313   312   311 
 H  1.013595  1 120.328847  1   -3.330029  1   314   304   303 
 H  1.125515  1 110.317567  1   18.099793  1   315   314   304 
 H  1.104555  1 112.603093  1   62.385892  1   318   315   314 
 H  1.104235  1 109.739786  1 -177.175147  1   318   315   314 
 H  1.105409  1 110.594239  1  -58.041887  1   318   315   314 
 H  1.012472  1 116.753107  1   31.645457  1   319   316   315 
 H  1.122988  1 108.120998  1   70.323471  1   320   319   316 
 H  1.115124  1 110.971251  1   52.014778  1   323   320   319 
 H  1.117435  1 107.518371  1  167.016031  1   323   320   319 
 H  1.002813  1 119.089279  1  168.966387  1   326   324   323 
 H  0.998691  1 122.268955  1   15.208339  1   326   324   323 
 
